FILES: 39
1.png 2 255 0 255
2.png 2 255 0 255
3.png 2 255 0 255
4.png 2 255 0 255
5.png 2 255 0 255
6.png 2 255 0 255
7.png 2 255 0 255
8.png 2 255 0 255
9.png 20 255 0 255
10.png 20 255 0 255
11.png 20 255 0 255
12.png 20 255 0 255
13.png 20 255 0 255
14.png 20 255 0 255
15.png 20 255 0 255
16.png 20 255 0 255
17.png 20 255 0 255
18.png 20 255 0 255
19.png 20 255 0 255
20.png 20 255 0 255
21.png 20 255 0 255
22.png 20 255 0 255
23.png 20 255 0 255
24.png 20 255 0 255
25.png 20 255 0 255
26.png 20 255 0 255
27.png 20 255 0 255
28.png 20 255 0 255
29.png 20 255 0 255
30.png 20 255 0 255
31.png 20 255 0 255
32.png 20 255 0 255
33.png 20 255 0 255
34.png 20 255 0 255
35.png 20 255 0 255
36.png 20 255 0 255
37.png 20 255 0 255
38.png 20 255 0 255
39.png 20 255 0 255
